89 -93
94 -43
56 -6
-57 -28
-79 -96
12 35
43 -89
83 39
51 -97
30 -82
-31 96
-56 -93
5 81
1 5
31 53
-18 -33
40 55
-93 4
81 -88
18 77
78 51
73 -10
75 -14
-18 -21
98 89
-57 -75
9 33
-62 -26
26 -75
55 21
30 81
33 68
33 60
52 90
26 64
-28 86
60 36
-74 63
27 98
-63 -79
12 42
-95 -23
-85 22
-69 -83
-57 6
-23 23
4 23
45 90
63 62
30 47
-60 35
98 59
81 35
0 -82
69 25
-7 -71
67 82
23 83
-15 -96
-24 21
9 -92
44 41
94 64
-33 40
-50 -41
20 100
88 20
60 -23
55 -44
-58 5
70 51
11 25
45 92
-34 13
-70 25
-67 22
-26 67
-69 44
84 -31
-5 -27
31 52
80 16
95 90
-10 -21
39 39
34 -13
0 -77
-52 -77
18 -20
81 -80
39 23
-64 82
9 83
99 27
61 70
-73 64
36 -23
-8 20
27 -76
28 -98
