-3938009600 -597542395
-3401040992 -3520057819
-1358024696 -2074897363
-1397795336 -3229019683
-2765794560 -1500568827
-3091304720 -1753977163
-2630921472 -155114747
-1536608528 -1242933579
-1801749496 -3300519891
-1787614792 -2641677155
-3148601528 -3285292947
-3181359680 -2516514619
-2459778936 -2776865107
-1115443912 -894712291
-1606064936 -668804035
-3282044784 -158163243
-627339896 -3518208083
-1260830680 -694459187
-2901093088 -4054504027
-603562600 -3067430915
-123129440 -1376977883
-4116250776 -1807933171
-1532980768 -1721574043
 -81493424 -2861543531
-982865008 -1072423467
-1705649392 -1456862379
-1725260392 -1411385347
-1405555712 -3777683451
-3135111720 -1755981507
-4197211784 -4023612579
-4198964064 -1618511067
-1829998696 -4077841923
-2713511560 -4224064675
-2411665600 -360052667
-1281635216 -1023589835
-872636936 -181700131
-4180443608 -2542363955
-1197598456 -3484999379
-2980730624 -4247203579
-754635016 -4108693795
-399212896 -1755742939
-4267323192 -2849196051
-2797977128 -1629541059
-375435600 -1304965771
-1366100784 -2724033515
-2213896208 -2445974603
-2429953128 -2586563075
-2342411808 -1268241051
-1808402488 -1088849171
-731948264 -241325187
-3646863096 -2229858003
-3148571216 -2474747787
-1607790272 -406529467
-2465663832 -1399067827
-2415043592 -1149816867
-1337711544  -28157587
-3901915824 -2746665323
-1079360240 -3314016939
-2376579584 -136715771
-3595790472 -2914952867
-3075912488 -441031619
-3957889160 -2255001251
-3761988512 -360640027
-281290392 -1685232883
-1617954560 -3586367227
-173150520 -3325211155
-1056663384 -3471433907
-1004839504 -2577393547
-4151917696 -881306235
-2789723952 -934496235
-373865728 -3503762683
-2913747440 -3184821675
-330477432 -3098462547
-2888217864 -844178723
-304947856 -757819595
-110254216 -2461619875
-1614220440 -1615403763
-3575939808 -204048987
-1135539560 -1814816515
-4014736952 -3379067667
-103238360 -1880314419
-3071729352 -2357786083
-4080253256 -1841511011
-436635464 -1377386595
-3655148536 -529862611
-315128984 -1524648691
-1323652888 -1008373619
-2981774016 -2433075643
-3543829920 -3055730715
-710537832 -4294367235
-712290112 -1889265723
-3948661904 -3401366219
-2693620480 -432433915
-1474296496 -2182750571
-3257428664 -2944954771
-1859517480 -2573863107
-408030136 -3713832595
-2209021024 -2540693979
-2931805408 -2925132891
-3601013632 -525665659
-1089178504 -1287869859
 -66300440 -3224252019
 -85911440 -3178774987
-3143696032 -2569467163
-1781502288 -2622657163
-294297504 -3338344987
-1970277352 -2827704195
-2996659976 -376086307
-3773020520 -3544431363
-3489033280 -2040043835
-2091122096 -1668952171
-2438873360 -4040884555
-3250951344 -3338543979
-2931246664 -1409874787
-2843705344  -91552763
-3405761248 -714207835
-2150719824 -2040242827
-1634569224 -4220475427
-2393071048 -734228707
-3419453672 -2577578115
-1014770864 -317660011
-570055144 -3346455939
-1535849120 -482998555
-2801078408 -1535569571
-2320645248 -4140083835
-4103777416 -607320739
-3641202976 -1276492187
-3321498296 -3642790291
-2012880712 -2184919139
-4117469840 -2470691019
-2665982496 -3610660507
-1196636432 -2391005515
-4093692544 -2019913851
-1653292296 -3630681379
-2733251080 -3962969635
-960306776 -1284404147
-640602096 -3650702251
-3591234368 -1768549435
-161921216 -3850115003
-199390936 -1869295155
-2303980064 -2155067035
-2305732344 -4044932819
-3457126008 -930817107
-2523541544 -1780419779
-208152336 -2728689483
-1937708344 -706987539
-271916360 -3596234339
-1101853064 -958550947
-1735343848 -2429769347
-2529563112 -3662771587
-1095934488 -2867398259
-4189436520 -2682372099
-885134408 -4101439843
-2543255536 -1231174571
-1395366432 -3830054555
-3428520680 -3267263107
-2334207736  -60114643
-3557036280 -2089529555
-3558788560 -3979395339
-4174420624 -3090989259
-3265378184 -604123555
-503520976 -2691323403
-1351316400 -2413264491
-3491622968 -3123318035
-1211951200 -200902107
-4126866032 -2189434923
-2628485832 -3439340003
-2382297496 -3278158835
-2826025664 -3162186171
-863318744 -3191396915
-1360623072 -1564363099
-2811122864 -3337216875
-109525120 -2512230011
-3877166400 -931712571
-3749415528 -2617167875
-654925944 -1420050003
-3344360720 -1397110091
-1703110760 -949888515
-2289695216 -3602455979
-1209952520 -2532813091
-1012409320 -4151562115
-3321660496 -2896122251
-3803187568 -4123355947
-1603715448 -1567302483
-3942549400 -3382346227
-3171774880 -617690139
-101717592 -3566029747
-366529376 -2299589851
-1502145784 -2039741651
-1976989552 -373133611
-1820094816 -3420140251
-4219188232 -2322997283
-1905880488 -4190191683
-1135105968 -1425535595
-638895552 -2589350075
-3031305664 -2893332667
-503693280 -2214837083
-3313537256 -3849449603
-3085207640 -1752925619
-2660432104 -3765303427
-3510308992 -111201915
-3692729936 -746433419
-1015564488 -4066904035
-805093592  -35037235
-1726405360 -1524466347
-3404466672 -1932750251
-262974504 -4032526531
-3304981840 -1982518923
-4101282568 -4134445859
-674050880 -2839968827
-3680340776 -365679555
-866988872 -587897955
-3381889648 -3468357675
-2874064904 -734354467
-4211713256 -1064260739
-3561347936 -4252124379
-3676716384 -3797692123
-1646847240 -1629230371
 -50079488 -1124089595
-2444680792 -3455005619
-943889944 -461959795
-3376399880 -949123619
-3022949496 -2702056019
-1740845672 -2013599747
-3121882320 -2748806155
-1794857376 -1981201435
-3394251864 -1696971187
-337670912 -2951068411
-3033788992 -1527002939
-2566722440 -1329266083
-4035080952 -1166777043
-3364885176 -2184100243
-1616482896 -464033675
-4109471752 -255028259
-347526224 -3347243403
-2661927880 -1016829667
-645644800 -2557101563
-4109687840 -3812640923
-508470792 -2371672611
-3037177088 -2586948859
-3445187816 -2046694531
-3817481104 -1082158539
-3671871512 -407989363
-4115599680 -292016699
-1396143216 -1402372651
-2882360448 -3599508091
-366033208 -3494803987
-3019750544 -3047582411
-3570631032 -4204454739
-3889348160 -456012603
-4208065288 -1002537763
-410402320 -3670471243
-3153413256 -2136470179
-487532952 -1735764979
-1163424480 -2230139483
-528946144 -3671744347
 -90913728 -1004447419
-2762489784 -2916850323
-989326024 -2317234659
-2714389920 -3723591707
 -12792176 -2898604843
-617248824 -2544416019
-4099150584 -1864612563
-1415411560 -3399250179
-2091303088 -3893624683
-3970412160 -2167923835
-3264498944 -2760965371
-2719314208 -3115790747
-142727504 -1628306059
-2760727400 -756802819
-2108390344 -4133750499
-3630325016 -2460200307
-857292392 -786650115
-2432803224 -1897006067
-4151183816 -409521379
-3784586280 -2885755075
-1154423416 -2909331539
-3968869232 -2223893803
-385510904 -3142549971
-1239989632 -1463365499
-1665859080 -3282735651
-1049239464 -2788997699
-1546543792 -1161963883
-1072793936 -2365352587
-1462945944 -3760441075
-1185642008 -854927987
  -8718768 -1628400747
-970349816 -1222061267
-139425560 -2477600627
-3674903480 -286736019
-1712196560 -315946763
-2298794488 -1897100755
-925425328 -2484508011
-2590229760 -2508084475
-3969294672 -3432374923
-2453055752 -2322655523
-1186838912 -4182907771
-1576990920 -1283028963
-3241795352 -1306605427
-2268001336 -865018131
-2908175424 -935110971
-1338360344 -1336452723
-3041073408 -3811244283
-1453399608 -1852961555
-3207497640 -789758531
-2805182664 -2841710563
-282172120 -4138132019
-4192683160 -4254741235
-3808226904  -76383155
-4251955072 -4255377787
-3849640096 -2012362523
-4150498504 -199263203
-477846576 -2204698859
-1153738104 -2699073363
-1901064512 -4042011195
-2434086280 -2839259043
-3038542928 -2485070219
-1718749928 -1561416323
-2608946096 -306513515
-1974467760 -1748118379
