-3938009600 -597542395
-3401040992 -3520057819
-1358024696 -2074897363
-1397795336 -3229019683
-2765794560 -1500568827
-3091304720 -1753977163
-2630921472 -155114747
-1536608528 -1242933579
-1801749496 -3300519891
-1787614792 -2641677155
-3148601528 -3285292947
-3181359680 -2516514619
-2459778936 -2776865107
-1115443912 -894712291
-1606064936 -668804035
-3282044784 -158163243
-627339896 -3518208083
-1260830680 -694459187
-2901093088 -4054504027
-603562600 -3067430915
-123129440 -1376977883
-4116250776 -1807933171
-1532980768 -1721574043
 -81493424 -2861543531
-982865008 -1072423467
-1705649392 -1456862379
-1725260392 -1411385347
-1405555712 -3777683451
-3135111720 -1755981507
-4197211784 -4023612579
-4198964064 -1618511067
-1829998696 -4077841923
-2713511560 -4224064675
-2411665600 -360052667
-1281635216 -1023589835
-872636936 -181700131
-4180443608 -2542363955
-1197598456 -3484999379
-2980730624 -4247203579
-754635016 -4108693795
-399212896 -1755742939
-4267323192 -2849196051
-2797977128 -1629541059
-375435600 -1304965771
-1366100784 -2724033515
-2213896208 -2445974603
-2429953128 -2586563075
-2342411808 -1268241051
-1808402488 -1088849171
-731948264 -241325187
-3646863096 -2229858003
-3148571216 -2474747787
-1607790272 -406529467
-2465663832 -1399067827
-2415043592 -1149816867
-1337711544  -28157587
-3901915824 -2746665323
-1079360240 -3314016939
-2376579584 -136715771
-3595790472 -2914952867
-3075912488 -441031619
-3957889160 -2255001251
-3761988512 -360640027
-281290392 -1685232883
-1617954560 -3586367227
-173150520 -3325211155
-1056663384 -3471433907
-1004839504 -2577393547
-4151917696 -881306235
-2789723952 -934496235
-373865728 -3503762683
-2913747440 -3184821675
-330477432 -3098462547
-2888217864 -844178723
-304947856 -757819595
-110254216 -2461619875
-1614220440 -1615403763
-3575939808 -204048987
-1135539560 -1814816515
-4014736952 -3379067667
-103238360 -1880314419
-3071729352 -2357786083
-4080253256 -1841511011
-436635464 -1377386595
-3655148536 -529862611
-315128984 -1524648691
-1323652888 -1008373619
-2981774016 -2433075643
-3543829920 -3055730715
-710537832 -4294367235
-712290112 -1889265723
-3948661904 -3401366219
-2693620480 -432433915
-1474296496 -2182750571
-3257428664 -2944954771
-1859517480 -2573863107
-408030136 -3713832595
-2209021024 -2540693979
-2931805408 -2925132891
-3601013632 -525665659
-1089178504 -1287869859
 -66300440 -3224252019
 -85911440 -3178774987
-3143696032 -2569467163
-1781502288 -2622657163
-294297504 -3338344987
-1970277352 -2827704195
-2996659976 -376086307
-3773020520 -3544431363
-3489033280 -2040043835
-2091122096 -1668952171
-2438873360 -4040884555
-3250951344 -3338543979
-2931246664 -1409874787
-2843705344  -91552763
-3405761248 -714207835
-2150719824 -2040242827
-1634569224 -4220475427
-2393071048 -734228707
-3419453672 -2577578115
-1014770864 -317660011
-570055144 -3346455939
-1535849120 -482998555
-2801078408 -1535569571
-2320645248 -4140083835
-4103777416 -607320739
-3641202976 -1276492187
-3321498296 -3642790291
-2012880712 -2184919139
-4117469840 -2470691019
-2665982496 -3610660507
-1196636432 -2391005515
-4093692544 -2019913851
-1653292296 -3630681379
-2733251080 -3962969635
-960306776 -1284404147
-640602096 -3650702251
-3591234368 -1768549435
-161921216 -3850115003
-199390936 -1869295155
-2303980064 -2155067035
-2305732344 -4044932819
-3457126008 -930817107
-2523541544 -1780419779
-208152336 -2728689483
-1937708344 -706987539
-271916360 -3596234339
-1101853064 -958550947
-1735343848 -2429769347
-2529563112 -3662771587
-1095934488 -2867398259
-4189436520 -2682372099
-885134408 -4101439843
-2543255536 -1231174571
-1395366432 -3830054555
-3428520680 -3267263107
-2334207736  -60114643
-3557036280 -2089529555
-3558788560 -3979395339
-4174420624 -3090989259
-3265378184 -604123555
-503520976 -2691323403
-1351316400 -2413264491
-3491622968 -3123318035
-1211951200 -200902107
-4126866032 -2189434923
-2628485832 -3439340003
-2382297496 -3278158835
-2826025664 -3162186171
-863318744 -3191396915
-1360623072 -1564363099
-2811122864 -3337216875
-109525120 -2512230011
-3877166400 -931712571
-3749415528 -2617167875
-654925944 -1420050003
-3344360720 -1397110091
-1703110760 -949888515
-2289695216 -3602455979
-1209952520 -2532813091
-1012409320 -4151562115
-3321660496 -2896122251
-3803187568 -4123355947
-1603715448 -1567302483
-3942549400 -3382346227
-3171774880 -617690139
-101717592 -3566029747
-366529376 -2299589851
-1502145784 -2039741651
-1976989552 -373133611
-1820094816 -3420140251
-4219188232 -2322997283
-1905880488 -4190191683
-1135105968 -1425535595
-638895552 -2589350075
-3031305664 -2893332667
-503693280 -2214837083
-3313537256 -3849449603
-3085207640 -1752925619
-2660432104 -3765303427
-3510308992 -111201915
-3692729936 -746433419
-1015564488 -4066904035
-805093592  -35037235
-1726405360 -1524466347
-3404466672 -1932750251
-262974504 -4032526531
-3304981840 -1982518923
-4101282568 -4134445859
-674050880 -2839968827
-3680340776 -365679555
-866988872 -587897955
-3381889648 -3468357675
-2874064904 -734354467
-4211713256 -1064260739
-3561347936 -4252124379
-3676716384 -3797692123
-1646847240 -1629230371
 -50079488 -1124089595
-2444680792 -3455005619
-943889944 -461959795
-3376399880 -949123619
-3022949496 -2702056019
-1740845672 -2013599747
-3121882320 -2748806155
-1794857376 -1981201435
-3394251864 -1696971187
-337670912 -2951068411
-3033788992 -1527002939
-2566722440 -1329266083
-4035080952 -1166777043
-3364885176 -2184100243
-1616482896 -464033675
-4109471752 -255028259
-347526224 -3347243403
-2661927880 -1016829667
-645644800 -2557101563
-4109687840 -3812640923
-508470792 -2371672611
-3037177088 -2586948859
-3445187816 -2046694531
-3817481104 -1082158539
-3671871512 -407989363
-4115599680 -292016699
-1396143216 -1402372651
-2882360448 -3599508091
-366033208 -3494803987
-3019750544 -3047582411
-3570631032 -4204454739
-3889348160 -456012603
-4208065288 -1002537763
-410402320 -3670471243
-3153413256 -2136470179
-487532952 -1735764979
-1163424480 -2230139483
-528946144 -3671744347
 -90913728 -1004447419
-2762489784 -2916850323
-989326024 -2317234659
-2714389920 -3723591707
 -12792176 -2898604843
-617248824 -2544416019
-4099150584 -1864612563
-1415411560 -3399250179
-2091303088 -3893624683
-3970412160 -2167923835
-3264498944 -2760965371
-2719314208 -3115790747
-142727504 -1628306059
-2760727400 -756802819
-2108390344 -4133750499
-3630325016 -2460200307
-857292392 -786650115
-2432803224 -1897006067
-4151183816 -409521379
-3784586280 -2885755075
-1154423416 -2909331539
-3968869232 -2223893803
-385510904 -3142549971
-1239989632 -1463365499
-1665859080 -3282735651
-1049239464 -2788997699
-1546543792 -1161963883
-1072793936 -2365352587
-1462945944 -3760441075
-1185642008 -854927987
  -8718768 -1628400747
-970349816 -1222061267
-139425560 -2477600627
-3674903480 -286736019
-1712196560 -315946763
-2298794488 -1897100755
-925425328 -2484508011
-2590229760 -2508084475
-3969294672 -3432374923
-2453055752 -2322655523
-1186838912 -4182907771
-1576990920 -1283028963
-3241795352 -1306605427
-2268001336 -865018131
-2908175424 -935110971
-1338360344 -1336452723
-3041073408 -3811244283
-1453399608 -1852961555
-3207497640 -789758531
-2805182664 -2841710563
-282172120 -4138132019
-4192683160 -4254741235
-3808226904  -76383155
-4251955072 -4255377787
-3849640096 -2012362523
-4150498504 -199263203
-477846576 -2204698859
-1153738104 -2699073363
-1901064512 -4042011195
-2434086280 -2839259043
-3038542928 -2485070219
-1718749928 -1561416323
-2608946096 -306513515
-1974467760 -1748118379
-279641640 -2811957955
-2665478176 -1330107547
-881358456 -3480726611
-1360804064 -3789035611
-4157391160 -743973395
-3576488984 -674517107
-2102650808 -2882921107
-682388792 -3580263955
-4278126176 -2772179931
-379994192 -2766142859
-4100742616 -1295561011
-2216153880 -772209523
-3512608496 -1382153899
-2491921624 -1050502195
-4074115760 -759732587
-2725288624 -2305638763
-2836384416 -3200315675
-2030002184 -1119386659
-1562935632 -921649803
-1495444224 -3989885691
-1642257456 -1013876971
-693005464 -1530788595
-1196993096 -2797596515
-372752144 -2652010315
-1490619560 -1140546371
-4010341632 -3916973307
-1054119968 -2442065051
-2493444344 -454168787
-4022062320 -1674460331
-2083897424 -2662169995
-2069982176 -4219344731
-4194621216 -301739931
 -46467152 -1620698507
-807160168 -161385219
-1835733984 -4031668059
-2036123376 -3839565483
-2379382528 -1049622267
-959120512 -1746965115
-1391673264 -2165209707
-1609921376  -37764315
-1846028208 -269943403
-2064276320 -2437465307
-3467883256  -25287379
-1797599160 -2047625875
-1855118792 -158396643
-1984073304 -3412698035
-1695593952 -1041402203
-1353538440 -181167523
-1857526072 -1447975443
-3493296368 -3941111979
-2758349016 -2708746291
-766607960 -912549811
-1973768976 -2609273675
-3109495112 -3457434211
-2213819280 -2463284683
-436382864 -3212778187
-2161446760 -324167939
-651891144 -2108290275
-3526596424 -2805633123
-4227029976 -4258506547
-1174941136 -2084544779
-1589635168 -143164891
-4035731168  -44095067
-1972555232 -1694302555
-2137227184 -1077918315
-1580867032 -1966960947
-3776940952 -3192886771
-1189178832 -2239619339
-3362901920 -239012379
-2824400488 -3487679491
-1029105352 -1877548515
-2629158208 -3946403387
 -23537368 -633511475
-1677166384 -1191305195
-4105403664 -3027578187
-3441891192 -2643775827
-1771607096 -371147027
-1072377184 -3858030299
-748180392 -1062452803
-1448613944 -2515326227
-4091155864 -2602321907
-2528024088 -1602538099
-3192740200 -2631129859
-2261346928 -1212698667
-2122420640 -3432371227
-1030298888 -2252156195
-1427134200 -2246119123
-1359642792 -1019387715
-1756478104 -1013350643
-2046161096 -4029435875
-3878377312 -2413670619
-4239495184 -1983351883
-2658504688 -2918910891
-4151405224 -3714920771
-4226783576 -4185316019
-150064392 -2057870627
-2292562152 -499890307
-1307592720 -592520267
-358340728 -1109431891
-3704056032 -1626343515
-991282872 -1335573907
-345629120 -3311396027
-588419256 -2142449555
 -85635264 -1520431035
-2710318464 -3542769531
-3142871216 -3961014123
-2122184344 -3629362419
-166160728 -2257447603
-295115240 -1216781699
-656233112 -786462963
-3245198872 -2384519795
-2811439112 -2663080995
 -87490536 -2906528643
-1312510272 -2667909691
-3972910912 -819562555
-1927593696 -534427227
-2163700528 -766606315
-2792699200 -1370916411
-890251744 -2782907739
-1483532976 -2962936171
-1159336184 -167358675
-4069758904 -1288983187
-439507720 -2317574947
-961354072 -1649040051
-1090308584 -608374147
-2011730080 -3205811995
-1151771688 -2635944131
-434683056 -3763202923
-4244725080 -1205841587
-3670506208 -4030227035
-1768058752 -1147251067
-2057741744 -4163336299
-3657794600 -1937223875
-1737488424 -989590723
-3337541280 -3058445595
-4055833552 -2575976203
-2445808920 -1686127987
-3474382736 -1261443531
-190130536 -2772101891
-211932728 -458590995
-162300040 -1591484067
 -76949912 -2300095475
-2505187192 -4136368467
-495587416 -4275514803
-2870248536 -3327881651
-1021377240 -3228811827
-1346777672 -2374211427
-3328546952 -1054447267
-383610432 -153330491
-3586455976 -3268082755
-552225856 -3453745467
-2980463136 -995051163
-988722080 -3493821979
-445728536 -1580613491
-402779152 -1312381003
-1859962248 -1684109219
-4270340808 -1160757731
-3696121936 -3985143179
-4217968288 -3316608283
-1201596888 -1566928179
-2640921264 -3873999211
-3919517160 -2124319107
-2159939464 -938469795
-1424992112 -4001071403
-850773240 -2530489555
-490859008 -3605597691
-512661200 -1292086795
-2483255064 -506539891
-1022783496 -4207660067
-3207682000 -1672835851
-990460888 -2160133939
-1811413368 -2083601235
-2143497104 -4122842571
-2618450600 -3564243267
-1765175512 -1593249843
-536867304 -1609749891
-1357819784 -1533217187
-2268065864 -369904995
-3917202768  -60790411
-1967862456 -1582717331
-3110271896 -1029752307
-4163387736 -1563566771
-1082264760 -1859165075
-139696072 -974951139
-3009909240 -805385683
-2031623112 -3791857379
-3263326152 -2152112867
-3023930848 -1697814875
-139253792 -2179478683
-1245945792 -1202231995
-2477648832 -3857454779
-1392210384 -1276114187
-1117097640 -397534531
-2277365800 -2204193987
-2830437480 -1093032451
-948039936 -2596614395
-2550174256 -1289426667
-368670584 -2201006419
-2821449888 -700811035
-1825305040 -1327658251
 -43376512 -1210243451
-3235046640 -564245675
-1988879712 -2516088539
-599843024 -2770804747
-2891893848 -1508825523
-4141455608 -2228705491
-2192115296 -3750632411
-2327753112 -1308840947
-3684467192 -3301565907
-3498648048 -1336206763
-1049263576 -1213157683
-1220618832 -3490615179
 -63745504  -60711259
-3380426672 -3047182955
-245727536 -558875115
-2519919640 -1232238707
-1005871912 -2149452739
-2201857512  -85426563
-3672407216 -1949870955
-180533680 -3808681067
-298312776 -3302232419
-737548832 -2319351451
-187871984 -1807268523
-3558129312 -3282679067
-787287880 -3636062307
-3818229528 -3228280691
-2929237000 -833005603
-3404190496 -274406299
-3379099832 -2365798291
-1286889760 -2190598555
-3650375464 -1777182659
-301371688 -1038152131
-550845128 -2763047395
 -61427744 -3633745051
-3849118936 -2144818227
-1685473984 -1121055163
-2649296224 -2741649115
-4119736200 -3498084771
-1777504048 -352913387
-1627402344 -3106803203
-345517976 -339397107
-1237905336 -1111427731
-2558901976 -2679871027
-377398304 -3591450779
-352307640 -1387875475
-2608641024 -3996581883
-2851431160 -2827635411
-955667008 -2838501179
-2765532392 -2291170435
-2543995808 -4196496923
-2697492344 -4114329939
-2511673200 -2148970795
-1122636512 -2403687003
-2247187232 -3786064795
-2239955288 -3942113971
-326332416 -1593355259
-1504459296 -1464671899
-2611151296 -487425211
-465365064 -1823286627
-2900285648 -2258434059
-2154162880 -1560285627
-1050865712 -914287851
-4224677120 -2203632891
-2871357872 -2882630763
-1518038624 -3561628635
 -57567056 -2967781515
-4273867528 -2275267363
-1663754576 -2390434443
-1710098792 -1035422467
-1667149408 -767189979
-1570623864 -2010018643
-3034490264 -980621299
 -42660888 -189440115
-2966450216 -2803780803
-713511664 -2866797227
-2255496248 -1284837651
-2051818384 -1254821323
-3176369104 -2637199115
-4081903616 -2685928443
-2282116368 -208889163
-500187840  -91474363
-403662296 -1334303027
-4244929648 -2629282347
-1599099256 -2320167763
-3926867520 -1482470203
-1042190464 -1964134011
-3316382568 -2637497603
-181683432 -149189763
-2926885560 -642122131
-1770012232 -1507185507
-1816356448 -152173531
-177297680 -1731885387
-2040739224 -3968460787
-3218866104 -3839777427
-3229492880 -2060483787
-3115108616 -943687971
-576430544 -1907418379
-4274828136 -1505271043
-3528705368 -807122611
-1650799936 -3177612859
-4032144360 -828854147
-2643107672 -1083570355
-2403712368 -629272363
-925382080 -1970768059
-2699530024 -999155651
-3716928424 -1108688451
-653664168 -3763911235
-2945714992 -2501932011
-3980972112 -676121995
-1924479480 -925203923
-3049030200 -2307581715
-1117548608 -1894165819
-1456315648 -2532281595
-3141169992 -2647448675
-2252177464 -252173587
-934575656 -1355453123
-1969832776 -3824610403
-2737209096 -964171555
-2676400992 -2631281883
-3153545680 -4099616011
-3974498160 -4023083307
-4056559816 -3092352995
-2142936944 -743594283
-1396814176  -45445851
-3456701640 -2468086755
-2264110872 -2908868467
-1357259624 -2448936195
-3155949592 -2435822707
-945411784 -1521995235
-3375840256 -1090234363
-1993486872 -4238792307
-2696111616 -3423631867
-2445540896 -3503551131
-866741592 -2171076275
-2576137960 -3244742275
-3618078384  -17806699
-3856376408 -2276919219
-1110077000 -3588801379
-609484200 -698748995
-4135977896 -1069035075
-1693276728 -3839827731
-3616977736 -3164216419
-3855275760 -1128361643
-2926073680 -1736863883
-4081849728 -2676615035
-3474104608 -2808684955
-638511600 -912379307
-2222896928 -2648543131
-286923224 -1368218931
-418068928 -2354486459
-3848585720 -917710291
-2251927696 -1520578251
-3443421184 -2884611067
-4021034888 -2731948451
-1328311640 -2532769459
-1059882200 -253064243
-3936778672 -2977340523
-1315490304 -3626724859
-3007027952 -2340766379
-1733908352 -3386126715
-4056965048 -3760470675
 -46969176 -3693630131
-1796355640 -3842468627
-491900984 -4222446867
-2160868344 -1788905427
-224675184 -2587531051
-2514205632 -269559483
-1861758848 -2538498427
-193665944 -2292803059
-1867344872 -2942187395
-3362436600 -1470163411
-1783637296 -137688555
-401283912 -3286246499
-3081734464 -1529489979
-3212880168 -2515757507
-448722040 -1468015187
-1615673504 -1873549083
-1525831264 -1715252187
-2806618352 -1992505515
-2573906352 -137081963
-3008650296 -2582259987
-1161970192 -215156299
-2532050880 -3700597435
-881816696 -1519559251
-2412625864 -471816931
-2633065168 -371304971
-1918167728 -3525497195
-774661008 -1588309451
-1876860896 -4039121755
-173050552 -3369144723
-3967425048 -479092339
-1489006440 -2825603331
-1905891664 -2911156875
-273516200 -3089743171
-1065434544 -1187803243
-3978048456  -41393891
-401153976 -1637874323
-3117321968 -305399467
-1824262184 -2367177923
-1091506024 -3161745667
-3468358336 -4241045947
-989939728 -2292589643
-3831118760 -297616963
-3044786440 -2603245859
-494932952 -4101193523
-3371829424 -2530502507
 -89768416 -1773127003
-1513425264 -3747506987
-4229593256 -2415032131
-2597217792 -2593618427
-911266168 -4283265875
-2495651496 -1724462403
-2370091816 -1141883843
-969879712 -1930817307
-1726080616 -3899563011
-1439792456 -3555200611
-2267428240 -2077542347
-4191129248 -1401931035
